kinematics:
  shoulder:
    x: 0
    y: 0
    z: 0.08930537103277829
    roll: -0
    pitch: 0
    yaw: 2.175328748922677e-05
  upper_arm:
    x: 0.0001760075138555968
    y: 0
    z: 0
    roll: 1.569024692274864
    pitch: 0
    yaw: 1.355212804018515e-05
  forearm:
    x: -0.4253600756396897
    y: 0
    z: 0
    roll: 3.141472951881558
    pitch: 3.138501448320141
    yaw: -3.141536642611884
  wrist_1:
    x: -0.3919839999243552
    y: -0.0007778353671801424
    z: 0.1109443781675552
    roll: 0.007010924173505683
    pitch: 0.001183382865296431
    yaw: 7.845592400460909e-05
  wrist_2:
    x: 0.0001099112755288506
    y: -0.09479123896823721
    z: 0.000138050826700453
    roll: 1.569339960883858
    pitch: 0
    yaw: -3.267059719295648e-05
  wrist_3:
    x: 7.615052616647697e-05
    y: 0.0824556793823656
    z: 8.32431431721764e-05
    roll: 1.571805876598082
    pitch: 3.141592653589793
    yaw: 3.141554030574051
  hash: calib_3910651701207991846